fx: 17682.60731824017
fy: 5836.757141047735
cx: -32.947001147696845
cy: 279.2112026299323
k1: 493.76201992171644
k2: -125084.81857688853
p1: 3.2746327304118825
p2: -2.7564010066460476
p3: -340.23464666912724
