fx: 4127.13189910365
fy: 12237.790624984722
cx: 521.0088934837354
cy: 355.12726916586854
k1: -9.843927447798569
k2: -243.91895367054084
p1: -0.23027255987063072
p2: 1.3735535874045524
p3: 30838.172465405612
